$ANSIBLE_VAULT;1.1;AES256
35623839633831636162636331376561353430653030373638656231386430653237383632616132
3130353037313362666566653963653133653430613635350a633665393632613365663264353635
63643337666264366164396238643164326461626331316134626130323630376132646335363266
3234363236393633330a633164643363666435346330306466366230636133636438616634343639
32373535653265633966373930323732323162313565386332383338303132666339343630376663
38383339653238373632313838613332643331303031356263636534316636393335643766323266
30623535633666633439646563356562633764643464313964316536613065343235643832393437
66646532333939356130663136663231343337326434316232323865343136373266373665623633
65646166323232623733353734333665396533303839326461623761313333613837656261353464
39663732326461333162643763323161366133663130616236363766633234313861353933613736
30323962666166363161363462653939313861643231316534326163333738326561646436396263
38626239363764623766353434373733313862646131363230653337326234346466363830343836
30306332336337346562386262393263353064393161393464373263373736393863376339366263
32616131656661623836643034373931303465373961356431386464646638646362353065323934
63313635396564356437353838383265333737346234383261663533626233626230333564656336
36313031636533623663653135383334653136646133396536663337636332336532326538646563
64336136646436376334393865303935663433393237323939323639343861643033323934643835
63653530393134323933356166653065393939666533383463663235643535353262626434316439
38376133393338343437383136393038643937323639613531663631613262343032363732346263
61383837666331626266326335646564353262393933323731643933366232643836646431663364
35323166383564666634336535326531353137663633323561623333373234373934656333383733
35313236363363396639386639316338356334343137333731376233356230636461353838363238
39363961663233633836363834313663663732383435663434376634636437656431613430343430
36653239633662356534313166323835633531613364653432306338613933313038646236323038
34366535366530343163373638623666356163393864366662666439666134333738636132653235
35313430343537343764643061353861633465636430643361323563303733633130393763303461
37343761653864333835313635356237656431646230393439393566623631386166363437326339
38383061346634643839346339663864663531336263623039613365343439383163636230366266
61316232393164366563363138333338393463653234363535373836363235306230636331663537
32326634383863316538303561346665626437393336323537383630373434356239336161363430
65376561656532663534626631383162313031376537626237666665336561626564643335346165
39613861383966356162643562643039323334313632653061316566333637646461633834623037
34663330366536343538363862616161303835343365643935653037386230313663393261363237
36353631303232303863343839613933373264313933326462333037613735646239373731333431
36633464333730396635333635666337656635666538356263653036383637303266316563363434
30306437643032303064323961393164616635313862306264666362336666306636313236373365
64623364613630373938653535326136653831656138656165373461353734396661316239643838
39363364366662396364353531316366396333343465653237306664306362383465326366316630
38366333616263366632633663353466656562353030633064373933636633633138613333323761
36373261666465643538366632326463626339663433386433343261646462616433656565643431
32373165313434633365376661376561626339663863383332333332343566613466333766303366
65613939323933646335623636356534636666346261313532616663366162356164373630373564
37386133646439643463366339633066626165376436393164646431663231393062396631313966
64643063613138326361333037323133323563356361326439666361646630643931643964646466
36303338383033623638383330363164356161646566643834633566316261323330383562333762
65333833393638353436626365663637663938643465323038336237633563306631666264396635
37333937613133346130363064383330356638623034356532393733393361653961366662313134
63653035386633386432313033363732303730326634366366333938656339613361656333303934
34306530346463306361303436643435633636313263626139393361376362303939613134646263
65626139626637383664663065333564336136363766623036323233336166666631373962316638
34613363316238613336356639393031353537353863303438376530633539653162623165326235
31363933336537626563306133383566666533383262363163343035636634366237663035373062
63323934396132343031656431343039393036366662623164343033383663323236306133623437
34373063386236343434306230396561373838313139303933633332636565646365393461313839
32333261626637306362303665373638333663643037313535326239373665663166373636323139
37356530303039363265353533306237396664343532653765636562616634656461623237336638
66323036663962376334623533366463396338353532633337356666626634333732316639333438
65356532396462353734326439373335646235333666333365346661353834626563626436663436
65643634383837643930643961363032356336626535666465613934326230333832393564356565
34636530346432613165616464336337643637343330626335636265616265646238623332343330
37353063313537613866373565386564353162393463396166613636393537393461653838323039
61653966656434623037306666626666363938333133373337313939373765303531346566356535
34666331323038646562306439613266646231353836353832333536396165303563643931346237
63616435316566343736633864353038376531366164663762616137663264383031373039616534
64656233366563393561663438383736636330333465653163343564643565336436653964306665
32303465316461303063316463383335376532373062313931343539353064613139366336616663
61343064643336646237393839646164386364366564323237323338356234636363643362663266
62353533323562633332316437373030663966356562323466666563303731636666626537386263
34356363663136656636623565373336336339616535343532626166656238333666303439343537
34643838316562666437643366623539633462653939333938363538386264653934326363643661
65333363626331316266356266663237306536376564383134376265613135346238646361366331
66356465316138303834386432386363333961653765303665386533343164633663306664363634
63633264376563393566653766383966313065636134383037356134316365313261373930303366
34353461616433336530646165353065376330306235333037633230653136653663653032323531
35343866383635306539643834333563633866633633613666653533626166653932333934323961
30376333323866376131323934336162306133373035326562643361616161316663353966363365
38653531316165653137663734316662313062306637303761653961353938323863366639386565
64666661383462323435336231366639313236636237353033353134616336313865633932643961
38316666653832636663343233386662376431383438303566366434653964323138656336396664
62643065346538326138396631393935613238646136626436666530363838666633343839613737
62643537303963303134393961373932336265373866333961303532363665353366373162323633
66643430386263363630653064346339623539343565353937666330326231326564653135656461
35366266353531643739646261306135343264663564333062366138653737316436633236326535
34333362666337373831353538313363366462326366623864323738623731366338383733626433
62636637353835643438363562613033313264323463656262616163366133613136616434363139
38646132366366313064623564626265386265316365636539653532383866643537393561323431
62616163663338306265326465356262323431323964616661386233363937386132633538343832
30326637313637336365
